10 15
28 -27  27  25 -32  41 -25   9 -41  14
 -4 -30  38  41 -19   3 -29  39 -23  28
 22 -16  42 -29 -20  -9  45  16  41  19
 -3  33   0  12  -9 -15  21  35 -22 -38
 39   3  -7 -18 -15  47  14   5  11 -16
-41  34 -29   1 -29  19  32  14 -32   9
 46 -23 -13  31  -4 -17  42  28 -20  35
-14 -27 -10  12 -37  20 -20 -12 -11 -49
-36  17  45 -15  35  -5   6 -50  -8  13
 44  39 -36  16 -38   5 -10 -11  44 -27
 -5 -31  17  -7  20 -22  -2  -9  -8 -48
 24   0  16  29 -21  48  37 -33  27 -13
 10  27   6 -30 -33 -35   8  -6  12  33
  9  42 -47 -15  12  -8  -5  29 -16 -12
-22  -6  45 -49  18  17  27  32   7  20