       100
 0.975
 0.255
 0.909
 0.835
 0.651
 0.305
 0.445
 0.339
 0.064
 0.431
 0.513
 0.054
 0.822
 0.732
 0.095
 0.024
 0.782
 0.894
 0.076
 0.892
 0.337
 0.196
 0.953
 0.370
 0.459
 0.533
 0.827
 0.736
 0.714
 0.205
 0.188
 0.532
 0.416
 0.439
 0.474
 0.263
 0.836
 0.088
 0.784
 0.909
 0.729
 0.311
 0.082
 0.479
 0.900
 0.593
 0.805
 0.927
 0.832
 0.451
 0.628
 0.110
 0.985
 0.210
 0.699
 0.727
 0.424
 0.707
 0.422
 0.405
 0.815
 0.312
 0.598
 0.404
 0.105
 0.283
 0.358
 0.493
 0.665
 0.841
 0.495
 0.895
 0.099
 0.140
 0.262
 0.708
 0.334
 0.551
 0.496
 0.316
 0.169
 0.236
 0.103
 0.467
 0.573
 0.990
 0.670
 0.443
 0.243
 0.226
 0.284
 0.632
 0.050
 0.139
 0.093
 0.709
 0.716
 0.043
 0.221
 0.402
